,,,,,,,,,,1088.9270750674493,163.34637359149337,1029.2032217108392,240.13418504999208,986.5433264561177,261.4641326773527,1007.8732740834787,289.1930645929217,1042.0011902872554,255.0651483891445,1131.5869703221708,148.41541025234096,937.4844469131881,238.001190287256,835.1006983018565,314.7890017457546,841.4996825900648,342.5179336613236,815.9037454372319,374.5128551023647,758.312886843358,438.50269798444685,815.9037454372319,476.8966037136962,841.4996825900648,419.3057451198223,988.6763212188539,374.5128551023647,1063.3311379146164,295.5920488811299,1086.7940803047131,261.4641326773527
,,,,,,,,,,1018.538247897159,374.5128551023647,992.942310744326,423.57173464529444,952.4154102523405,440.63569274718293,958.8143945405488,470.497619425488,992.942310744326,447.03467703539116,1063.3311379146164,361.71488652594826,901.2235359466749,415.03975559435014,798.8397873353433,442.768687509919,818.0367401999679,485.4285827646405,790.307808284399,511.0245199174734,736.9829392159972,557.9504046976671,743.3819235042054,621.9402475797492,807.3717663862876,551.5514204094588,918.2874940485635,564.3493889858753,967.3463735914931,491.82756705284874,1018.538247897159,455.56665608633546
,,,,,,,,,,1242.5026979844465,511.0245199174734,1189.1778289160447,528.088478019362,1157.1829074750037,534.4874623075702,1159.3159022377397,557.9504046976671,1199.842802729725,540.8864465957785,1272.3646246627516,498.22655134105696,1112.390017457546,479.0295984764323,1003.6072845580063,466.23162990001583,1016.4052531344228,511.0245199174734,952.4154102523405,530.2214727820981,896.9575464212028,530.2214727820981,886.2925726075223,611.2752737660688,967.3463735914931,564.3493889858753,963.080384066021,615.541263291541,1131.5869703221708,592.0783209014443,1204.1087922551972,566.4823837486114
,,,,,,,,,,1261.6996508490713,508.89152515473734,1204.1087922551972,521.6894937311538,1169.9808760514202,530.2214727820981,1174.246865576892,557.9504046976671,1216.9067608316136,551.5514204094588,1291.5615775273764,502.4925408665291,1125.1879860339625,479.0295984764323,1003.6072845580063,470.497619425488,1046.2671798127278,511.0245199174734,980.1443421679096,534.4874623075702,933.218457387716,530.2214727820981,939.617441675924,598.4773051896525,999.3412950325342,570.7483732740835,1022.8042374226311,628.3392318679574,1178.5128551023643,596.3443104269164,1227.571734645294,572.8813680368196
,,,,,,,,,,1474.9991271226786,498.22655134105696,1423.8072528170128,511.0245199174734,1411.0092842405963,517.4235042056816,1413.1422790033325,547.2854308839867,1440.8712109189014,523.8224884938899,1308.625535629265,476.8966037136962,1199.842802729725,455.56665608633546,1225.438739882558,517.4235042056816,1167.847881288684,534.4874623075702,1105.991033169338,530.2214727820981,1101.7250436438658,602.7432947151246,1193.443818441517,579.2803523250278,1242.5026979844465,639.0042056816378,1370.482383748611,592.0783209014443,1425.940247579749,568.6153785113474,,
,,,,,,,,,,,,1910.1300587208375,540.8864465957785,1867.470163466116,555.817409934931,1880.2681320425327,598.4773051896525,1918.6620377717818,566.4823837486114,,,1767.2194096175208,508.89152515473734,1611.5107919377872,498.22655134105696,1630.707744802412,549.4184256467228,1568.850896683066,570.7483732740835,1506.9940485637196,557.9504046976671,1532.5899857165525,668.8661323599429,1581.6488652594821,613.4082685288049,1739.4904777019517,685.9300904618314,1814.1452943977142,636.8712109189017,,
,,,,,,,,,,,,,,,,,,,,,,1739.4904777019515,517.4235042056816,1592.3138390731626,549.4184256467228,1634.9737343278841,577.1473575622917,1570.9838914458019,600.6102999523886,1462.2011585462621,600.6102999523886,1496.3290747500394,709.3930328519283,1583.7818600222183,641.1372004443739,1835.4752420250747,673.132121885415,,,,
,,,,,,,,,,1669.1016505316613,632.6052213934296,1481.3981114108867,615.541263291541,1396.078320901444,617.6742580542771,1366.2163942231389,664.6001428344707,1329.9554832566255,681.6641009363593,1257.4336613235992,673.132121885415,1261.6996508490713,771.2498809712745,1334.2214727820976,730.722980479289,1479.2651166481508,790.446833835899,1600.845818124107,728.589985716553,1641.3727186160922,705.1270433264561,,,,,,,,,,
,,,,,,,,,,,,,,,,,,,,1677.6336295826056,903.495556260911,1829.076257736867,856.5696714807175,1679.7666243453418,845.904697667037,,,1632.840739565148,905.6285510236471,1556.0529281066495,877.8996191080781,1543.254959530233,999.4803205840343,1624.3087605142036,980.2833677194096,1805.61331534677,1048.539200126964,,,,
,,,,,,,,,,,,,,,,,,,,,,,,,,,,1737.3574829392155,999.4803205840343,1628.5747500396758,993.0813362958261,,,1741.623472464688,1065.6031582288526,,,,,,
1289.4285827646402,357.4488970004761,1329.9554832566255,391.5768132042533,1364.0833994604027,427.8377241707665,1325.6894937311533,449.16767179812723,1302.2265513410566,410.773766068878,,,,,,,,,,,1240.3697032217106,333.9859546103793,1460.068163783526,434.2367084589747,1549.6539438184413,485.4285827646405,1541.1219647674968,528.088478019362,1596.5798285986348,570.7483732740835,1690.431598159022,626.2062371052214,1624.3087605142036,688.0630852245675,1562.4519123948576,615.541263291541,1451.5361847325817,611.2752737660688,1319.2905094429452,485.4285827646405,1293.6945722901123,455.56665608633546
1332.0884780193617,628.3392318679574,1413.1422790033325,673.132121885415,1449.4031899698457,692.3290747500397,1428.073242342485,722.1910014283447,1385.4133470877634,692.3290747500397,,,,,,,,,,,1265.9656403745435,628.3392318679574,1464.334153308998,626.2062371052214,1585.9148547849543,649.6691794953182,1558.1859228693854,675.2651166481511,1624.3087605142036,700.861053800984,1728.8255038882712,715.7920171401365,1713.8945405491188,807.5107919377876,1615.7767814632593,758.451912394858,1553.9199333439133,816.042770988732,1411.0092842405963,756.3189176321218,1361.9504046976667,724.3239961910808
935.3514521504519,572.8813680368196,980.1443421679096,602.7432947151246,1012.1392636089506,619.8072528170131,980.1443421679096,641.1372004443739,960.9473893032848,617.6742580542771,,,,,,,,,,,894.8245516584666,557.9504046976671,1127.3209807966987,611.2752737660688,1248.9016822726549,666.7331375972068,1197.709807966989,673.132121885415,1268.0986351372794,711.5260276146644,1389.6793366132356,758.451912394858,1353.4184256467224,858.7026662434535,1244.6356927471827,762.7179019203302,1086.7940803047131,781.9148547849547,980.1443421679096,690.1960799873036,954.5484050150767,660.3341533089986
,,,,,,,,,,1534.7229804792887,848.0376924297731,1453.6691794953178,862.9686557689256,1402.477305189652,875.766624345342,1417.4082685288047,912.0275353118553,1462.2011585462621,899.2295667354389,1577.3828757340102,830.9737343278846,1312.8915251547369,816.042770988732,1169.9808760514202,830.9737343278846,1169.9808760514202,899.2295667354389,1118.7890017457544,912.0275353118553,978.0113474051734,926.9584986510079,999.3412950325342,1080.534121568005,1140.1189493731151,993.0813362958261,1334.2214727820976,1054.9381844151721,1481.3981114108867,956.8204253293129,1515.526027614664,929.0914934137438
414.90073004285017,579.2803523250278,527.9494524678621,651.8021742580543,596.2052848754163,694.4620695127758,536.4814315188064,754.1859228693859,493.82153626408484,688.0630852245675,,,,,,,,,,,325.314950007935,553.6844151721949,707.1210125376922,602.7432947151246,882.0265830820501,621.9402475797492,815.9037454372319,681.6641009363593,943.8834312013962,720.0580066656087,1097.4590541183936,743.5209490557055,1093.1930645929212,841.638708141565,920.4204888112995,813.909776225996,636.7321853674018,871.5006348198699,493.82153626408484,777.6488652594826,457.56062529757156,743.5209490557055
,,,,,,,,,,1489.930090461831,564.3493889858753,1404.6102999523882,564.3493889858753,1353.4184256467224,564.3493889858753,1353.4184256467224,619.8072528170131,1413.1422790033325,615.541263291541,1543.254959530233,570.7483732740835,1263.8326456118073,485.4285827646405,1071.8631169655607,470.497619425488,1155.0499127122675,511.0245199174734,1022.8042374226311,534.4874623075702,911.8885097603552,519.5564989684177,928.9524678622438,670.9991271226789,1042.0011902872554,611.2752737660688,1150.7839231867954,707.2600380891922,1370.482383748611,677.3981114108872,1411.0092842405963,662.4671480717346
1169.9808760514202,432.10371369623863,1236.1037136962384,476.8966037136962,1265.9656403745435,496.0935565783209,1242.5026979844465,519.5564989684177,1214.7737660688776,493.9605618155848,,,,,,,,,,,1140.1189493731151,417.1727503570862,1368.3493889858748,436.3697032217108,1466.4671480717343,453.4336613235994,1449.4031899698457,491.82756705284874,1524.0580066656082,568.6153785113474,1566.7179019203297,624.0732423424853,1521.9250119028723,645.403189969846,1502.7280590382475,589.9453261387082,1417.4082685288047,619.8072528170131,1240.3697032217106,557.9504046976671,1201.9757974924612,530.2214727820981
,,,,,,,,,,1044.1341850499916,545.1524361212506,992.942310744326,568.6153785113474,973.7453578797013,568.6153785113474,978.0113474051734,619.8072528170131,1001.4742897952704,604.8762894778607,1065.4641326773524,536.6204570703063,864.9626249801615,553.6844151721949,800.9727820980793,568.6153785113474,826.5687192509122,598.4773051896525,818.0367401999679,696.5950642755118,873.4946040311058,685.9300904618315,926.8194730995076,715.7920171401365,843.6326773528008,732.8559752420251,,,,,1016.4052531344228,624.0732423424853
,,,,,,,,,,1543.254959530233,238.001190287256,1506.9940485637196,321.18798603396283,1460.068163783526,363.84788128868433,1472.8661323599424,383.044834153309,1521.9250119028723,333.9859546103793,1570.983891445802,218.80423742263133,1366.2163942231389,323.3209807966989,1248.9016822726549,404.37478178066976,1317.1575146802093,389.44381844151724,1244.6356927471827,457.69965084907153,1191.3108236787807,489.69457229011266,1229.70472940803,532.3544675448342,1283.029598476432,481.16259323916836,1460.068163783526,461.9656403745437,1538.9889700047609,351.0499127122679,1551.7869385811773,331.8529598476432
